	stunting_SC	stunting_GB	stunting_Pan77	chlorotic_area_SC	chlorotic_area_GB	chlorotic_area_Pan77	av_streak_width_SC	av_streak_width_GB	av_streak_width_Pan77	deviation_from_rectangle_SC	deviation_from_rectangle_GB	deviation_from_rectangle_Pan77	yellowness_SC	yellowness_GB	yellowness_Pan77	whitness_SC	whitness_GB	whitness_Pan77
KE-O57-Kimathi-est_1990	-0.678125301092363	NA	NA	-0.0917946286344485	NA	NA	-3.28184683407133	NA	NA	-1.51672957263562	NA	NA	0.227556044984434	NA	NA	0.178993588491792	NA	NA
KE-o54b-Lerosho-kenya_1990	-0.786548152786877	-1.83909140021594	NA	-0.505057428301498	-0.163134164909363	NA	-3.40186350087062	-3.03939638943681	NA	-1.40723921099371	-1.41836651751345	NA	0.236190623887737	0.157261160693104	NA	0.210334709370762	0.13479854000445	NA
MSV-A-KE-Ama_1998	-0.722201074835088	-1.26422149960709	-0.585312894549483	-0.160613566590908	0.0104588408910027	-0.136074509347122	-3.15056339445524	-3.06001461152441	-3.09449556908657	-1.09947649228665	-1.16333476592127	-1.20289442714858	0.251369207506208	0.21163260515923	0.221937049986513	0.205754357789088	0.163250194552801	0.16446464358011
MSV-A-KE-MtKA_1997	-0.768720470269396	-1.02628906405775	-0.297269575290279	-0.189174832175197	-0.268904856804298	-0.567522963649497	-3.18784350327404	-3.02810202925891	-3.15035894795912	-1.46165400588978	-1.14200085369173	-1.33769718821509	0.235707855066079	0.228043894863085	0.208899254558538	0.163947399609536	0.16414878873654	0.147474490013184
MSV-A-MZ-Bil6-Bet25_2007	-0.493493531634861	-0.834456012670339	-0.512987790155295	0.378978867856031	0.125027991369755	-0.292399046951279	-2.8865236226747	-3.13956657404003	-3.2696872453807	-1.44803412773289	-1.39273248869425	-1.47401124591803	0.0411355677704286	0.250687571941441	0.234085476536778	-0.169294090533134	0.26290251644758	0.179561461251386
MSV-A-MZ-Chi1-chimoz_2007	-0.475318204392699	-0.731070650972561	-0.338380592803411	0.121685389863175	0.193169918275004	-0.266980131720204	-3.10374410860004	-3.07607753064005	-3.32462809056641	-1.46488846303326	-1.38453445650156	-1.47089922423995	0.0545563184845729	0.237851332266782	0.238827828644397	-0.10338453118292	0.251419195830559	0.206797551535634
MSV-A-MZ-Inh2-Moz1_2007	NA	-0.884371686948492	-0.419543646554414	NA	0.144130109856574	-0.21772186943131	NA	-3.09360865613268	-3.26206637761729	NA	-1.38667053868404	-1.44947160740441	NA	0.246123799298036	0.244065893779715	NA	0.23718944190111	0.207294124801208
MSV-A-MZ-Map8-Moz3_2007	-0.526187633335713	-0.918953714338699	-0.495555699855203	0.464465434648941	0.30548693342818	-0.0943799463293309	-2.89441870163065	-2.96595255820303	-3.29349542846544	-1.4427098771269	-1.40418466953996	-1.49095127421108	0.0460536803068734	0.2331326919152	0.232180174410351	-0.143003228553516	0.22400960773874	0.191382707164758
MSV-A-MZ-Map9-Moz4_2007	-0.520065442470427	-0.684390689826123	-0.625237153422096	-0.158647933436552	-0.089433051046492	-0.50518759498886	-3.29509744329695	-3.29637570160478	-3.42199598492878	-1.4643328524202	-1.42888478366855	-1.47904930564286	0.0617599518442524	0.220425305120054	0.203928863121714	-0.0981141530497596	0.188397189810331	0.144549075379128
MSV-A-MZ-Pem2-Moz37_2007	-1.10085358853473	-1.15397169494079	-0.497327408904486	0.131816538063768	0.176831280507464	-0.226581579802229	-3.13722867362924	-3.10454829581026	-3.26232767723119	-1.42298189945287	-1.28578808691205	-1.48787979835709	0.214997277042967	0.217030960486254	0.238748357363498	0.146195741616276	0.242072607223092	0.203634789491264
MSV-A-MZ-Pem5-Moz41_2007	-0.55768067266072	-1.3267699700119	-0.618231535115427	0.414449413413468	0.164255239714825	-0.128511508128831	-2.88962512453924	-3.01959455091658	-3.28182629486719	-1.48746711356566	-1.39224179074096	-1.49219715802766	0.0554086445847562	0.241398270100088	0.217294104781777	-0.111222594276134	0.301347291227779	0.157946731951697
MSV-A-MZ-Xai1-xaimoz_2007	-0.465443025614174	-0.899386053204428	-0.5823682734025	-0.128496864085575	-0.061042512906692	-0.686155917561168	-3.27669533462076	-3.34449740449196	-3.52319595582274	-1.45808352191197	-1.44586938267349	-1.46516679437147	0.0633729171844813	0.217508567221168	0.245526698470476	-0.122075989296458	0.193224998988936	0.197891306501103
MSV-A-NG-Ns_1980	-0.705010996194468	-1.14133690995087	-0.651420117184642	-0.166506193590868	-0.151303379685123	-0.216713460051364	-3.04800457848555	-2.93801032824158	-3.11639724773942	-1.25459961104079	-1.22266326967125	-1.20110237976276	0.246995287368812	0.240887867755362	0.227850060794498	0.176599611304775	0.220238011406244	0.172665161407647
MSV-A-RE-Jos1-Mic18_1995	-0.931424624159678	-1.89461889522062	NA	-0.330077681061168	0.0102693116643841	NA	-3.29929421936379	-2.98438804469838	NA	-1.45527673763549	-1.30947469555404	NA	0.171950365119491	0.190605567189872	NA	0.0736412786369522	0.183604428627258	NA
MSV-A-RE-Pie4-Mic13_1994	-0.763652153064837	-1.93777341752617	NA	-0.119276066341122	-0.072098880630274	NA	-3.22853993853885	-3.02018524823226	NA	-1.47173402572095	-1.32613280626082	NA	0.189647175704355	0.200420806454018	NA	0.100886747356289	0.19555610578684	NA
MSV-A-RE-Reu2_1997	-0.612157522698428	-0.907840579839152	-0.263106115972349	-0.704345308207063	-0.313325643555783	-0.719168529506087	-3.46299250007714	-3.17297400750274	-3.1899245843656	-1.33736216290223	-1.16089597088234	-1.39850434609745	0.205079001090547	0.210967178079542	0.185794974182579	0.211932341946172	0.206323465509493	0.162389375092115
MSV-A-UG-Bug245_2005	-0.705936328440322	-1.03490132057369	-0.7188931935939	0.370950509886373	0.27227223163904	-0.307703787714755	-2.9271192303229	-3.02628772779752	-3.38571789577469	-1.49485513157684	-1.36448312975016	-1.47913007918271	0.142361978312779	0.16939054860663	0.115488925220546	0.11224175852283	0.155128296165382	0.00409658301079319
MSV-A-UG-Bush53_2005	-0.786657873237386	-1.80860862934017	-0.656931847697688	0.462864713676937	0.404125226789883	-0.0654267152467462	-2.93776085565542	-2.79949397337776	-3.28570102627213	-1.48428667596732	-1.34303249504283	-1.48883269695292	0.120901831985092	0.147138702055851	0.0519770583535788	0.0386261319339808	0.118916549366241	-0.138235889351288
MSV-A-UG-Hoi154_2005	-0.76187075042771	-2.28807248567272	-0.944132312664223	0.483621830272613	0.387586154588943	0.115219540223752	-2.85512014899978	-2.92416839492103	-3.23629488903162	-1.30053848929176	-1.25703052615299	-1.49173852215751	0.126149006877426	0.129308258281755	0.0472080216058009	0.0680415415400637	0.107566709716474	-0.12129019621589
MSV-A-UG-Kab82_2005	-0.838232576680696	-1.6398739455575	-0.649548850068238	0.505073343575756	0.365665908360423	0.0402043374922092	-2.89297809780142	-2.91238613120103	-3.13214539499906	-1.43069386032291	-1.34389717286725	-1.45470760826152	0.116008440205263	0.141258904859706	0.0641913120430013	0.0450109671888538	0.103168291112136	-0.0943936915854315
MSV-A-UG-Kap292_2005	-0.951576479762814	-1.53054453561658	-0.563365265527439	0.422736170224064	0.427399495295934	0.163747229765232	-2.83334729928313	-2.77829348042984	-3.28121686664659	-1.38858656732028	-1.29714658776996	-1.53392403896152	0.135284298761018	0.163251029217166	0.112336582562921	0.123753407622339	0.150682930740519	-0.00828832930645497
MSV-A-UG-Kib179_2005	-0.627319326704734	-1.5644546627629	-0.412996971963942	0.456679525433134	0.335226969514032	-0.256265473132187	-2.94840941331575	-2.92261371169287	-3.39735184959308	-1.38682961339813	-1.25039725665369	-1.5476734015825	0.138587654210326	0.161201730979283	0.129081354884287	0.0716031778724256	0.14932016634164	0.0403625201828577
MSV-A-UG-Kib188_2005	-0.53074706977041	-2.30307735361563	-0.79949625678254	0.175978081637905	0.311484835069196	-0.0401982629568775	-2.96553357205383	-3.00148977252034	-3.24624576413474	-1.3974773614831	-1.30742406998515	-1.40177077728003	0.106014269245717	0.158883146424071	0.0540147776936075	0.00268069146089575	0.147203356619259	-0.11932078407749
MSV-A-UG-Luw110_2005	-0.559376503217597	-1.69992792748507	-0.691875543772602	0.46972526387252	0.308062981741445	-0.0530159319943347	-2.95658446924526	-2.90268252020228	-3.28556919730268	-1.46073062059757	-1.26758061228714	-1.52700878586998	0.165657977605026	0.123215859014632	0.10822043134413	0.142471430129078	0.0789255650361791	-0.0107114024902744
MSV-A-UG-Mba41_2005	NA	NA	-0.604043821471637	NA	NA	-0.0727427915710081	NA	NA	-3.2657465966214	NA	NA	-1.44680953595529	NA	NA	0.0572182680282443	NA	NA	-0.101664882772562
MSV-A-UG-Mpi-11_2005	-0.872026106976663	-1.73671114363857	-0.564600635964738	0.477519610431362	0.444853884542781	0.164402206849164	-2.85535239347701	-2.64827443960805	-3.14396311916417	-1.32241212853058	-1.13624733179801	-1.46404718050118	0.135265112809174	0.144018401195352	0.10866055216543	0.094036540455914	0.150891633737338	-0.00815191047351654
MSV-A-UG-Mub94_2005	-0.662961966550585	-1.76598993596129	-0.576284669670015	0.264589909942633	0.343070527328449	0.0449293332273094	-2.96035453690942	-2.88569437503086	-3.22301248096856	-1.30744831845825	-1.31872258353566	-1.54548276990563	0.132179738162084	0.137155157467522	0.106456896905633	0.105904793058318	0.0920317458092854	0.00241480046554411
MSV-A-ZA-Cat2-D3_2006	-0.490458185379879	-0.712719906427023	-0.660050778428637	0.354035524288901	-0.0837200227620676	-0.208460598023408	-2.93100292133731	-3.1985087394492	-3.26140361843389	-1.37463664185133	-1.44150047063655	-1.46599877232513	0.0447882253750054	0.24034598176781	0.239728559396183	-0.140040341632947	0.221472731013022	0.21068263656211
MSV-A-ZA-Hei-O9_1979	-1.00858008703789	-1.93520496547962	NA	-0.00931508696410808	0.0559229280916282	NA	-3.04451551764854	-2.86068134207357	NA	-1.51509795751567	-1.29710856679958	NA	0.223522443778849	0.181237925081636	NA	0.166280955640984	0.137965743870218	NA
MSV-A-ZA-Kom_1989	-1.22061860025202	-1.9296441399076	-0.43565946323471	-0.194386690952512	-0.0995989152075222	-0.682385881789218	-3.04422588195915	-2.91609008022486	-3.39416309486666	-1.38802865085948	-1.18197493169597	-1.18099435072405	0.205024702506667	0.199092557657028	0.190579738188315	0.129501323386109	0.149260722381341	0.153224127818393
MSV-A-ZA-Mak2-M49_1988	-0.841333126776371	-0.853726621327176	-0.65429006780895	0.342979515828841	0.182652364936795	-0.230597147957162	-2.94331427295828	-3.1587360467811	-3.34063218354132	-1.4596615760417	-1.40645108890545	-1.47030390529934	0.108012936092333	0.240822367095409	0.236842820652836	-0.0564912158359493	0.214192122676738	0.178916513290612
MSV-A-ZA-MakD_1998	-0.556010223679771	-1.47308461618809	-0.528861326431102	-0.149205894235549	0.0995516297023978	-0.356416471390015	-3.14437787030509	-2.80012096961303	-3.1414995280538	-1.30377084928557	-1.13212393988479	-1.21705649631074	0.225167837502958	0.222771823882352	0.236987050553106	0.226695543388509	0.241514548993962	0.236806822214816
MSV-A-ZA-Pot1-Riz48_2007	-0.305640122514705	-0.492841976550468	-0.381699239032039	-0.707056159590236	-0.429682062357817	-1.03308317271874	-3.45433120289976	-3.64102128594127	-3.40021251808828	-1.54269308797025	-1.47192461887518	-1.52225997737561	0.1749334285837	0.210027183655512	0.211119882455763	0.12005356236645	0.178817044604546	0.218623236476137
MSV-A-ZA-Pot4-O28_1979	-0.838658684289271	-2.43787911231043	-0.671476260515471	0.00018812067885263	0.0833930318979206	-0.360674270487102	-3.03408049887419	-2.87642027292296	-3.03677123913273	-1.37703176187262	-1.20370556264489	-1.49044182050263	0.18425920752925	0.154526453898827	0.161668414575717	0.126439112017272	0.212588927961045	0.137953324047352
MSV-A-ZA-Pot6-O29_1979	-0.750424861396867	-2.43161555389951	-0.569118768555221	-0.249653175456788	0.091619495411908	-0.379851488353524	-3.14704580454888	-2.75326900231354	-3.03435673899012	-1.4469189765802	-1.1568282761658	-1.55974633825272	0.172481073722565	0.17130175121761	0.160039406315732	0.0506417189772123	0.161608371128036	0.0760194091582118
MSV-A-ZA-Pot8-O33_1979	-0.530257326108563	-1.7091087294957	-0.511300600960793	-0.236060305892944	-5.9305897264314e-05	-0.727773587308752	-3.25784423175459	-2.91752383745809	-3.06226088114287	-1.49615194205243	-1.45610004784831	-1.51417818088831	0.179445545760538	0.202795252136615	0.161922862696573	0.067010969106275	0.202534451679415	0.126888613872764
MSV-A-ZW-Chi-Zim3_2006	-0.577395053232367	-1.34458879821014	-0.486788221287833	0.434879089775241	0.24067255793019	-0.31559301870761	-2.96332435383846	-3.03877752531749	-3.39546515877461	-1.47360901070085	-1.39870007944524	-1.50654495685695	0.0552633401170301	0.25322878122344	0.254726885639768	-0.118153687854713	0.264882200970085	0.225241167259853
MSV-A-ZW-Har2-Mic22_1987	-1.42320014131054	-2.49317228872062	NA	0.222609120036359	0.0857100157472176	NA	-2.9285081513947	-2.73022908309243	NA	-1.49659346886193	-1.10387682750739	NA	0.234215005129954	0.18730704888771	NA	0.229175878795618	0.215287642656807	NA
MSV-A-ZW-Hel2-Bet36_2006	-0.815020728242127	-1.00031422947452	-0.380040458445198	0.354805578997863	0.137459733625459	-0.21759748024352	-2.85722244636905	-3.09059287162243	-3.26333407381069	-1.36844684141904	-1.29069611423571	-1.45982673178963	0.112060573063349	0.231490361887918	0.222925268400963	-0.0085150890670707	0.236150892888912	0.195916198287057
MSV-A-ZW-Mas1-Bet43_2006	-0.779758574784259	-1.3596131476899	-0.558512954697981	0.175370858824877	0.181098174845305	-0.284352450635908	-3.0376203619121	-3.10029582537609	-3.30733647101973	-1.44210804864869	-1.38657472081192	-1.47536591572888	0.173072875722221	0.244802869946999	0.237207777325791	0.129542881889546	0.299005867068066	0.22127595794308
MSV-A-ZW-Mas2-Mic4_1993	-1.48464375612988	-2.07729320816211	NA	0.0389166268319125	0.135166294972358	NA	-3.07240726124762	-2.7557391616595	NA	-1.38287359164917	-1.2562850265276	NA	0.235807745396015	0.187416814779289	NA	0.224095842599181	0.249884635564071	NA
MSV-A-ZW-MatA_1994	-0.864718886539179	-2.20358951911494	NA	0.267928459966347	0.203810045204233	NA	-2.79308035592462	-2.62691962737335	NA	-1.51800810421898	-1.1176712495288	NA	0.226314141193101	0.174713938783531	NA	0.21479576425618	0.196327911082467	NA
MSV-A-ZW-MatC_1998	-0.72337657234442	-1.44327978999418	-0.306324209796921	-0.158120321966339	-0.0644299892758337	-0.221890010558937	-3.19168547188654	-2.93849443811162	-3.13245831377748	-1.16230640179511	-1.12041008674655	-1.32097311981095	0.252491437405523	0.253196877162025	0.220149194838277	0.171829035062246	0.217544245741884	0.159777476372995
MSV-A1-Za-ThoE-g132_2006	-0.575274759276968	-1.01787668341232	-0.535935157102565	0.143645042264457	0.0524680836680991	-0.368450159215715	-3.09156621522992	-3.30593338502566	-3.39679171041946	-1.41418047388959	-1.41803536339126	-1.44035253659433	0.0506736316326714	0.224450633122228	0.251216088041755	-0.147863671523956	0.164486940512883	0.222646280832157
MSV-A4-Za-Nat-g195_2006	-0.481795291423976	-1.07303316826605	-0.316660044959791	-0.182217613426897	-0.161336137184657	-0.906429258178954	-3.24899201996705	-3.44419847586878	-3.44292143366207	-1.41847165881777	-1.36166445542255	-1.45565472569765	0.0527698457018029	0.211191389412099	0.215339148013367	-0.0999623888112784	0.19728174468392	0.201116427831061
MSV-A4-Za-Omr-g221_2007	-0.647491959803402	-0.949966375970881	-0.51558876245265	0.072444603903975	0.00351329170905892	-0.579227823083528	-3.0954643003938	-3.30911643598033	-3.36329801319632	-1.44047973023596	-1.36053681936785	-1.41690178917332	0.0597547779581398	0.240512057998514	0.231158607738864	-0.114954818497459	0.204091899507153	0.224304134387638
MSV-A4-Za-RosE-g131_2006	-0.298142775551641	-0.954818393751723	-0.61069927926943	0.26739946800807	0.0709125090801957	-0.492475045876572	-3.09908063454238	-3.34644688465473	-3.457101852728	-1.48200158450933	-1.43372432480701	-1.5103236385867	0.0411098393907577	0.220151995198283	0.236604571000912	-0.159842843713284	0.204993821648611	0.212513445361169
MSV-A4-Zw-Nmg-g168_2006	-0.550264494340885	-0.950563944406959	-0.583021071404056	0.152876045231411	0.0938384745585115	-0.495680439605983	-3.07096186004649	-3.27298628831071	-3.45815512022314	-1.4390235147875	-1.28455775706762	-1.51745225931916	0.0636916191173449	0.210720362201771	0.233545761689856	-0.0863775688416136	0.171893868379868	0.19932167191626
MSV-UKas-75_2005	-0.55901049916335	-1.10364425793046	-0.499474573001647	-0.481452656357533	-0.170710394309938	-0.960315116879115	-3.38856237303967	-3.4427324110633	-3.5178285766193	-1.38160506155002	-1.48535622834131	-1.50425583789433	0.0883265048135171	0.0954811583323282	0.0524245439790483	-0.0430584048517062	-0.0323691552660713	-0.112062912386143
MSV-ULuw-107_2005	-0.635161122375725	-1.94322781465428	-0.662469380642408	0.177758391327305	0.137276656226226	-0.318891227739453	-3.07214429826012	-3.09560747260489	-3.34061380804453	-1.38871505675753	-1.27718799923841	-1.39604879903203	0.109420273096598	0.13071559548371	0.0452903814701617	0.00873538861239084	0.0940509926331408	-0.132818801234453
MSV-UWak-4_2005	-0.246904298662397	-1.27397536039	-0.00481554765638152	0.0495425728138939	0.335291810359372	-1.33217031695197	-3.16688833286201	-3.00264736033925	-3.56801468952467	-1.55484012355328	-1.20328648720844	-1.49935156194792	0.140287792518223	0.127548276040991	0.247652243335164	0.103253338305911	0.0873369145287972	0.267446238761559
MSV-VW_1989	-0.866237690866951	-0.586333778084778	0.00025789324642841	-1.37326457487528	-0.732916632209544	-1.18366980822248	-3.21735804777922	-2.98936047340294	-3.24181649535666	-1.49087586056734	-1.36566976538242	-1.52148303347374	0.193531822678697	0.157665363287793	0.235548628993387	0.13257321492991	0.0971639049671842	0.155957379716287
MSV-ZA-Pot3-O27K_1979	-1.42316742429346	NA	-0.618350491695335	-0.0801346908176494	NA	-0.327270835425093	-3.0788902075276	NA	-3.02647422317652	-1.39091263267631	NA	-1.53554030071747	0.181491846662758	NA	0.183293863054784	0.107278397612883	NA	0.137762834149045
New-ZA-O45RC-Ilanga_1988	-0.484602046821073	-0.517590082654719	-0.200029217263479	-0.399040705891627	-0.189335579422782	-0.571160885169028	-3.28475226600067	-3.18757036126634	-2.85836906203924	-1.51313475783994	-1.43515303603044	-1.31271620748311	0.143040440671416	0.171519642762573	0.115482846903823	0.0260811300727315	0.0944417143112421	0.0161086250645896
New-ZA-O59-Greytown_1989	-0.928594102076682	NA	NA	-0.184707535556749	NA	NA	-3.1572764411741	NA	NA	-1.38559598992112	NA	NA	0.222952323023652	NA	NA	0.223232880754391	NA	NA
New-ZA-O60-Bethlehem_1989	-0.925663157300389	-2.40221258499138	NA	-0.0953786125080353	0.099345747170011	NA	-3.08855833036454	-2.6780180553967	NA	-1.40963195281838	-1.15387370118081	NA	0.232709645053786	0.200215861261659	NA	0.232075292636904	0.219901502531464	NA
New-ZA-O65-Bethlehem_1989	-0.894437495808237	-2.90329559461482	NA	-0.147799973605459	0.0021883348460156	NA	-3.1761955306834	-2.6519812571849	NA	-1.35391614262566	-1.02739256124929	NA	0.199236530398287	0.175529135072277	NA	0.148300439964722	0.237115079016998	NA
New-ZA-O83-letsele_1987	-0.751202614506374	-2.18662153964596	NA	-0.419940183533232	0.0648468773274483	NA	-3.37280388840695	-2.88667908461153	NA	-1.43260878671425	-1.26853620481714	NA	0.218674359925303	0.171824409928138	NA	0.185286066294128	0.209756417562484	NA
New-ZA-O87RC-letsele_1987	-0.530133404348233	-0.935506799820507	-0.437830883774196	-0.842105789889758	-0.495810882498738	-0.744404567988633	-3.39266380772312	-3.20181908332952	-2.85828856370455	-1.52190831618176	-1.41639949616402	-1.28786497907433	0.121103782310748	0.149731961724667	0.121965976360405	0.00739839104517063	0.058364384388979	0.0450614542575333
ZA-O82-letsele_1987	-0.611457799657892	-1.82255945850208	NA	-0.435895765134326	0.141101845598494	NA	-3.38106625437609	-2.61464137140573	NA	-1.43310679761594	-1.18340760090432	NA	0.216138869114281	0.172017928238794	NA	0.157200631850221	0.164847279068372	NA
